// --- CONFIGURACION ---
NODOS 50
HUBS 5
PAQUETES 30
CAPACIDAD_CAMION 8
DEPOSITO_ID 0

// --- NODOS (ID X Y) ---
0 41 2 // Deposito
1 403 818 // Hub
2 480 194 // Hub
3 113 719 // Hub
4 802 301 // Hub
5 859 517 // Hub
6 860 928 // Entrega
7 789 692 // Entrega
8 961 803 // Entrega
9 787 440 // Entrega
10 756 121 // Entrega
11 705 104 // Entrega
12 184 224 // Entrega
13 243 770 // Entrega
14 622 328 // Entrega
15 498 663 // Entrega
16 330 901 // Entrega
17 171 810 // Entrega
18 95 284 // Entrega
19 218 587 // Entrega
20 585 767 // Entrega
21 794 444 // Entrega
22 694 583 // Entrega
23 827 655 // Entrega
24 385 613 // Entrega
25 94 831 // Entrega
26 734 489 // Entrega
27 936 608 // Entrega
28 404 869 // Entrega
29 378 25 // Entrega
30 197 566 // Entrega
31 688 527 // Entrega
32 467 549 // Entrega
33 337 252 // Entrega
34 834 245 // Entrega
35 529 108 // Entrega
36 12 322 // Entrega
37 553 706 // Entrega
38 595 379 // Entrega
39 50 670 // Entrega
40 682 836 // Entrega
41 501 105 // Entrega
42 324 436 // Entrega
43 404 418 // Entrega
44 304 472 // Entrega
45 443 191 // Entrega
46 37 822 // Entrega
47 719 194 // Entrega
48 370 746 // Entrega
49 136 894 // Entrega

// --- HUBS (ID COSTO_ACTIVACION) ---
1 409.00
2 230.00
3 122.00
4 167.00
5 346.00

// --- PAQUETES (ID NODO_ORIGEN NODO_DESTINO) ---
0 0 38
1 0 28
2 0 43
3 0 32
4 0 42
5 0 40
6 0 7
7 0 49
8 0 42
9 0 17
10 0 34
11 0 6
12 0 17
13 0 22
14 0 9
15 0 43
16 0 28
17 0 16
18 0 9
19 0 44
20 0 46
21 0 14
22 0 49
23 0 47
24 0 36
25 0 22
26 0 35
27 0 28
28 0 11
29 0 49

// --- ARISTAS (NODO1 NODO2 PESO) ---
0 1 892.69
1 2 628.73
2 3 640.56
3 4 805.88
4 5 223.39
5 6 411.00
6 7 246.45
7 8 204.71
8 9 402.55
9 10 320.50
10 11 53.76
11 12 534.64
12 13 549.18
13 14 582.24
14 15 357.21
15 16 291.32
16 17 183.20
17 18 531.46
18 19 327.01
19 20 408.77
20 21 384.72
21 22 171.23
22 23 151.24
23 24 443.99
24 25 363.60
25 26 725.65
26 27 234.45
27 28 592.57
28 29 844.40
29 30 570.48
30 31 492.55
31 32 222.09
32 33 324.21
33 34 497.05
34 35 334.36
35 36 559.54
36 37 663.43
37 38 329.69
38 39 617.82
39 40 653.44
40 41 753.08
41 42 375.35
42 43 82.00
43 44 113.65
44 45 313.50
45 46 750.33
46 47 927.10
47 48 653.07
48 49 276.88
34 31 317.55
3 10 878.10
27 34 377.06
41 39 722.93
42 16 465.04
12 42 254.06
43 1 400.00
27 7 169.31
7 0 1017.65
35 13 721.14
47 5 352.04
7 17 629.16
13 3 139.65
28 21 576.82
6 25 772.12
27 40 341.32
8 32 555.47
1 37 187.20
16 44 429.79
27 10 519.20
10 41 255.50
2 6 826.53
44 29 453.08
32 0 693.31
